0,530
0,529
0,528
0,527
0,526
0,525
0,386
0,243
0,524
0,523
0,522
0,521
0,472
10,299
10,175
10,311
10,307
10,85
10,301
10,2
10,3
11,5
8,4
8,9
8,6
8,16
8,5
8,17
74,4
74,3
74,2
74,1
74,0
73,5
73,4
73,3
73,2
73,1
73,0
70,3
70,2
70,1
70,0
69,6
69,5
69,4
69,3
69,2
69,1
69,0
67,4
67,3
67,2
67,1
67,0
66,4
66,3
66,2
66,1
66,0
62,4
62,3
62,2
62,1
62,0
61,4
61,3
61,2
61,1
61,0
59,5
59,4
59,3
59,2
59,1
59,0
56,5
56,4
56,3
56,1
54,3
54,1
52,3
52,1
45,3
45,1
42,3
42,1
20,3
20,2
20,1
19,3
19,2
19,1
18,3
18,1
14,1
14,3
12,3
13,1
12,2
13,3
12,1
11,29
11,25
11,23
11,21
11,19
11,17
11,15
11,13
11,11
11,9
11,7
11,3
11,2
11,1
10,283
